   4.2426190e+02	
   4.2426190e+02	
   4.2426190e+02	
   4.2426190e+02	
   4.2426190e+02	
   4.2426190e+02	
   4.2426190e+02	
   4.2426190e+02	
   4.2426190e+02	
   4.2426190e+02	
   4.2426190e+02	
   4.2426190e+02	
   4.2426190e+02	
   4.2426190e+02	
   4.2426190e+02	
   4.2426190e+02	
   4.2426190e+02	
   4.2426190e+02	
   4.2426190e+02	
   4.2426190e+02	
   4.3426190e+02	
   4.3426190e+02	
   4.3426190e+02	
   4.3426190e+02	
   4.3426190e+02	
   4.3426190e+02	
   4.3426190e+02	
   4.3426190e+02	
   4.3426190e+02	
   4.3426190e+02	
   4.3426190e+02	
   4.3426190e+02	
   4.3426190e+02	
   4.3426190e+02	
   4.3426190e+02	
   4.3426190e+02	
   4.3426190e+02	
   4.3426190e+02	
   4.3426190e+02	
   4.3426190e+02	
   4.4426190e+02	
   4.4426190e+02	
   4.4426190e+02	
   4.4426190e+02	
   4.4426190e+02	
   4.4426190e+02	
   4.4426190e+02	
   4.4426190e+02	
   4.4426190e+02	
   4.4426190e+02	
   4.4426190e+02	
   4.4426190e+02	
   4.4426190e+02	
   4.4426190e+02	
   4.4426190e+02	
   4.4426190e+02	
   4.4426190e+02	
   4.4426190e+02	
   4.4426190e+02	
   4.4426190e+02	
   4.5426190e+02	
   4.5426190e+02	
   4.5426190e+02	
   4.5426190e+02	
   4.5426190e+02	
   4.5426190e+02	
   4.5426190e+02	
   4.5426190e+02	
   4.5426190e+02	
   4.5426190e+02	
   4.5426190e+02	
   4.5426190e+02	
   4.5426190e+02	
   4.5426190e+02	
   4.5426190e+02	
   4.5426190e+02	
   4.5426190e+02	
   4.5426190e+02	
   4.5426190e+02	
   4.5426190e+02	
   4.6426190e+02	
   4.6426190e+02	
   4.6426190e+02	
   4.6426190e+02	
   4.6426190e+02	
   4.6426190e+02	
   4.6426190e+02	
   4.6426190e+02	
   4.6426190e+02	
   4.6426190e+02	
   4.6426190e+02	
   4.6426190e+02	
   4.6426190e+02	
   4.6426190e+02	
   4.6426190e+02	
   4.6426190e+02	
   4.6426190e+02	
   4.6426190e+02	
   4.6426190e+02	
   4.6426190e+02	
   4.7426190e+02	
   4.7426190e+02	
   4.7426190e+02	
   4.7426190e+02	
   4.7426190e+02	
   4.7426190e+02	
   4.7426190e+02	
   4.7426190e+02	
   4.7426190e+02	
   4.7426190e+02	
   4.7426190e+02	
   4.7426190e+02	
   4.7426190e+02	
   4.7426190e+02	
   4.7426190e+02	
   4.7426190e+02	
   4.7426190e+02	
   4.7426190e+02	
   4.7426190e+02	
   4.7426190e+02	
   4.8426190e+02	
   4.8426190e+02	
   4.8426190e+02	
   4.8426190e+02	
   4.8426190e+02	
   4.8426190e+02	
   4.8426190e+02	
   4.8426190e+02	
   4.8426190e+02	
   4.8426190e+02	
   4.8426190e+02	
   4.8426190e+02	
   4.8426190e+02	
   4.8426190e+02	
   4.8426190e+02	
   4.8426190e+02	
   4.8426190e+02	
   4.8426190e+02	
   4.8426190e+02	
   4.8426190e+02	
   4.9426190e+02	
   4.9426190e+02	
   4.9426190e+02	
   4.9426190e+02	
   4.9426190e+02	
   4.9426190e+02	
   4.9426190e+02	
   4.9426190e+02	
   4.9426190e+02	
   4.9426190e+02	
   4.9426190e+02	
   4.9426190e+02	
   4.9426190e+02	
   4.9426190e+02	
   4.9426190e+02	
   4.9426190e+02	
   4.9426190e+02	
   4.9426190e+02	
   4.9426190e+02	
   4.9426190e+02	
   5.0426190e+02	
   5.0426190e+02	
   5.0426190e+02	
   5.0426190e+02	
   5.0426190e+02	
   5.0426190e+02	
   5.0426190e+02	
   5.0426190e+02	
   5.0426190e+02	
   5.0426190e+02	
   5.0426190e+02	
   5.0426190e+02	
   5.0426190e+02	
   5.0426190e+02	
   5.0426190e+02	
   5.0426190e+02	
   5.0426190e+02	
   5.0426190e+02	
   5.0426190e+02	
   5.0426190e+02	
   5.1426190e+02	
   5.1426190e+02	
   5.1426190e+02	
   5.1426190e+02	
   5.1426190e+02	
   5.1426190e+02	
   5.1426190e+02	
   5.1426190e+02	
   5.1426190e+02	
   5.1426190e+02	
   5.1426190e+02	
   5.1426190e+02	
   5.1426190e+02	
   5.1426190e+02	
   5.1426190e+02	
   5.1426190e+02	
   5.1426190e+02	
   5.1426190e+02	
   5.1426190e+02	
   5.1426190e+02	
   5.2426190e+02	
   5.2426190e+02	
   5.2426190e+02	
   5.2426190e+02	
   5.2426190e+02	
   5.2426190e+02	
   5.2426190e+02	
   5.2426190e+02	
   5.2426190e+02	
   5.2426190e+02	
   5.2426190e+02	
   5.2426190e+02	
   5.2426190e+02	
   5.2426190e+02	
   5.2426190e+02	
   5.2426190e+02	
   5.2426190e+02	
   5.2426190e+02	
   5.2426190e+02	
   5.2426190e+02	
   5.3426190e+02	
   5.3426190e+02	
   5.3426190e+02	
   5.3426190e+02	
   5.3426190e+02	
   5.3426190e+02	
   5.3426190e+02	
   5.3426190e+02	
   5.3426190e+02	
   5.3426190e+02	
   5.3426190e+02	
   5.3426190e+02	
   5.3426190e+02	
   5.3426190e+02	
   5.3426190e+02	
   5.3426190e+02	
   5.3426190e+02	
   5.3426190e+02	
   5.3426190e+02	
   5.3426190e+02	
   5.4426190e+02	
   5.4426190e+02	
   5.4426190e+02	
   5.4426190e+02	
   5.4426190e+02	
   5.4426190e+02	
   5.4426190e+02	
   5.4426190e+02	
   5.4426190e+02	
   5.4426190e+02	
   5.4426190e+02	
   5.4426190e+02	
   5.4426190e+02	
   5.4426190e+02	
   5.4426190e+02	
   5.4426190e+02	
   5.4426190e+02	
   5.4426190e+02	
   5.4426190e+02	
   5.4426190e+02	
   5.5426190e+02	
   5.5426190e+02	
   5.5426190e+02	
   5.5426190e+02	
   5.5426190e+02	
   5.5426190e+02	
   5.5426190e+02	
   5.5426190e+02	
   5.5426190e+02	
   5.5426190e+02	
   5.5426190e+02	
   5.5426190e+02	
   5.5426190e+02	
   5.5426190e+02	
   5.5426190e+02	
   5.5426190e+02	
   5.5426190e+02	
   5.5426190e+02	
   5.5426190e+02	
   5.5426190e+02	
   5.6426190e+02	
   5.6426190e+02	
   5.6426190e+02	
   5.6426190e+02	
   5.6426190e+02	
   5.6426190e+02	
   5.6426190e+02	
   5.6426190e+02	
   5.6426190e+02	
   5.6426190e+02	
   5.6426190e+02	
   5.6426190e+02	
   5.6426190e+02	
   5.6426190e+02	
   5.6426190e+02	
   5.6426190e+02	
   5.6426190e+02	
   5.6426190e+02	
   5.6426190e+02	
   5.6426190e+02	
   5.7426190e+02	
   5.7426190e+02	
   5.7426190e+02	
   5.7426190e+02	
   5.7426190e+02	
   5.7426190e+02	
   5.7426190e+02	
   5.7426190e+02	
   5.7426190e+02	
   5.7426190e+02	
   5.7426190e+02	
   5.7426190e+02	
   5.7426190e+02	
   5.7426190e+02	
   5.7426190e+02	
   5.7426190e+02	
   5.7426190e+02	
   5.7426190e+02	
   5.7426190e+02	
   5.7426190e+02	
   5.8426190e+02	
   5.8426190e+02	
   5.8426190e+02	
   5.8426190e+02	
   5.8426190e+02	
   5.8426190e+02	
   5.8426190e+02	
   5.8426190e+02	
   5.8426190e+02	
   5.8426190e+02	
   5.8426190e+02	
   5.8426190e+02	
   5.8426190e+02	
   5.8426190e+02	
   5.8426190e+02	
   5.8426190e+02	
   5.8426190e+02	
   5.8426190e+02	
   5.8426190e+02	
   5.8426190e+02	
   5.9426190e+02	
   5.9426190e+02	
   5.9426190e+02	
   5.9426190e+02	
   5.9426190e+02	
   5.9426190e+02	
   5.9426190e+02	
   5.9426190e+02	
   5.9426190e+02	
   5.9426190e+02	
   5.9426190e+02	
   5.9426190e+02	
   5.9426190e+02	
   5.9426190e+02	
   5.9426190e+02	
   5.9426190e+02	
   5.9426190e+02	
   5.9426190e+02	
   5.9426190e+02	
   5.9426190e+02	
   6.0426190e+02	
   6.0426190e+02	
   6.0426190e+02	
   6.0426190e+02	
   6.0426190e+02	
   6.0426190e+02	
   6.0426190e+02	
   6.0426190e+02	
   6.0426190e+02	
   6.0426190e+02	
   6.0426190e+02	
   6.0426190e+02	
   6.0426190e+02	
   6.0426190e+02	
   6.0426190e+02	
   6.0426190e+02	
   6.0426190e+02	
   6.0426190e+02	
   6.0426190e+02	
   6.0426190e+02	
   6.1426190e+02	
   6.1426190e+02	
   6.1426190e+02	
   6.1426190e+02	
   6.1426190e+02	
   6.1426190e+02	
   6.1426190e+02	
   6.1426190e+02	
   6.1426190e+02	
   6.1426190e+02	
   6.1426190e+02	
   6.1426190e+02	
   6.1426190e+02	
   6.1426190e+02	
   6.1426190e+02	
   6.1426190e+02	
   6.1426190e+02	
   6.1426190e+02	
   6.1426190e+02	
   6.1426190e+02	
   6.2426190e+02	
   6.2426190e+02	
   6.2426190e+02	
   6.2426190e+02	
   6.2426190e+02	
   6.2426190e+02	
   6.2426190e+02	
   6.2426190e+02	
   6.2426190e+02	
   6.2426190e+02	
   6.2426190e+02	
   6.2426190e+02	
   6.2426190e+02	
   6.2426190e+02	
   6.2426190e+02	
   6.2426190e+02	
   6.2426190e+02	
   6.2426190e+02	
   6.2426190e+02	
   6.2426190e+02	
   6.3426190e+02	
   6.3426190e+02	
   6.3426190e+02	
   6.3426190e+02	
   6.3426190e+02	
   6.3426190e+02	
   6.3426190e+02	
   6.3426190e+02	
   6.3426190e+02	
   6.3426190e+02	
   6.3426190e+02	
   6.3426190e+02	
   6.3426190e+02	
   6.3426190e+02	
   6.3426190e+02	
   6.3426190e+02	
   6.3426190e+02	
   6.3426190e+02	
   6.3426190e+02	
   6.3426190e+02	
   6.4426190e+02	
   6.4426190e+02	
   6.4426190e+02	
   6.4426190e+02	
   6.4426190e+02	
   6.4426190e+02	
   6.4426190e+02	
   6.4426190e+02	
   6.4426190e+02	
   6.4426190e+02	
   6.4426190e+02	
   6.4426190e+02	
   6.4426190e+02	
   6.4426190e+02	
   6.4426190e+02	
   6.4426190e+02	
   6.4426190e+02	
   6.4426190e+02	
   6.4426190e+02	
   6.4426190e+02	
   6.5426190e+02	
   6.5426190e+02	
   6.5426190e+02	
   6.5426190e+02	
   6.5426190e+02	
   6.5426190e+02	
   6.5426190e+02	
   6.5426190e+02	
   6.5426190e+02	
   6.5426190e+02	
   6.5426190e+02	
   6.5426190e+02	
   6.5426190e+02	
   6.5426190e+02	
   6.5426190e+02	
   6.5426190e+02	
   6.5426190e+02	
   6.5426190e+02	
   6.5426190e+02	
   6.5426190e+02	
   6.6426190e+02	
   6.6426190e+02	
   6.6426190e+02	
   6.6426190e+02	
   6.6426190e+02	
   6.6426190e+02	
   6.6426190e+02	
   6.6426190e+02	
   6.6426190e+02	
   6.6426190e+02	
   6.6426190e+02	
   6.6426190e+02	
   6.6426190e+02	
   6.6426190e+02	
   6.6426190e+02	
   6.6426190e+02	
   6.6426190e+02	
   6.6426190e+02	
   6.6426190e+02	
   6.6426190e+02	
   6.7426190e+02	
   6.7426190e+02	
   6.7426190e+02	
   6.7426190e+02	
   6.7426190e+02	
   6.7426190e+02	
   6.7426190e+02	
   6.7426190e+02	
   6.7426190e+02	
   6.7426190e+02	
   6.7426190e+02	
   6.7426190e+02	
   6.7426190e+02	
   6.7426190e+02	
   6.7426190e+02	
   6.7426190e+02	
   6.7426190e+02	
   6.7426190e+02	
   6.7426190e+02	
   6.7426190e+02	
   6.8426190e+02	
   6.8426190e+02	
   6.8426190e+02	
   6.8426190e+02	
   6.8426190e+02	
   6.8426190e+02	
   6.8426190e+02	
   6.8426190e+02	
   6.8426190e+02	
   6.8426190e+02	
   6.8426190e+02	
   6.8426190e+02	
   6.8426190e+02	
   6.8426190e+02	
   6.8426190e+02	
   6.8426190e+02	
   6.8426190e+02	
   6.8426190e+02	
   6.8426190e+02	
   6.8426190e+02	
   6.9426190e+02	
   6.9426190e+02	
   6.9426190e+02	
   6.9426190e+02	
   6.9426190e+02	
   6.9426190e+02	
   6.9426190e+02	
   6.9426190e+02	
   6.9426190e+02	
   6.9426190e+02	
   6.9426190e+02	
   6.9426190e+02	
   6.9426190e+02	
   6.9426190e+02	
   6.9426190e+02	
   6.9426190e+02	
   6.9426190e+02	
   6.9426190e+02	
   6.9426190e+02	
   6.9426190e+02	
   7.0426190e+02	
   7.0426190e+02	
   7.0426190e+02	
   7.0426190e+02	
   7.0426190e+02	
   7.0426190e+02	
   7.0426190e+02	
   7.0426190e+02	
   7.0426190e+02	
   7.0426190e+02	
   7.0426190e+02	
   7.0426190e+02	
   7.0426190e+02	
   7.0426190e+02	
   7.0426190e+02	
   7.0426190e+02	
   7.0426190e+02	
   7.0426190e+02	
   7.0426190e+02	
   7.0426190e+02	
   7.1426190e+02	
   7.1426190e+02	
   7.1426190e+02	
   7.1426190e+02	
   7.1426190e+02	
   7.1426190e+02	
   7.1426190e+02	
   7.1426190e+02	
   7.1426190e+02	
   7.1426190e+02	
   7.1426190e+02	
   7.1426190e+02	
   7.1426190e+02	
   7.1426190e+02	
   7.1426190e+02	
   7.1426190e+02	
   7.1426190e+02	
   7.1426190e+02	
   7.1426190e+02	
   7.1426190e+02	
