   4.7200000e+02	
   4.8200000e+02	
   4.9200000e+02	
   5.0200000e+02	
   5.1200000e+02	
   5.2200000e+02	
   5.3200000e+02	
   5.4200000e+02	
   5.5200000e+02	
   5.6200000e+02	
   5.7200000e+02	
   5.8200000e+02	
   5.9200000e+02	
   6.0200000e+02	
   6.1200000e+02	
   6.2200000e+02	
   6.3200000e+02	
   6.4200000e+02	
   6.5200000e+02	
   6.6200000e+02	
   4.7200000e+02	
   4.8200000e+02	
   4.9200000e+02	
   5.0200000e+02	
   5.1200000e+02	
   5.2200000e+02	
   5.3200000e+02	
   5.4200000e+02	
   5.5200000e+02	
   5.6200000e+02	
   5.7200000e+02	
   5.8200000e+02	
   5.9200000e+02	
   6.0200000e+02	
   6.1200000e+02	
   6.2200000e+02	
   6.3200000e+02	
   6.4200000e+02	
   6.5200000e+02	
   6.6200000e+02	
   4.7200000e+02	
   4.8200000e+02	
   4.9200000e+02	
   5.0200000e+02	
   5.1200000e+02	
   5.2200000e+02	
   5.3200000e+02	
   5.4200000e+02	
   5.5200000e+02	
   5.6200000e+02	
   5.7200000e+02	
   5.8200000e+02	
   5.9200000e+02	
   6.0200000e+02	
   6.1200000e+02	
   6.2200000e+02	
   6.3200000e+02	
   6.4200000e+02	
   6.5200000e+02	
   6.6200000e+02	
   4.7200000e+02	
   4.8200000e+02	
   4.9200000e+02	
   5.0200000e+02	
   5.1200000e+02	
   5.2200000e+02	
   5.3200000e+02	
   5.4200000e+02	
   5.5200000e+02	
   5.6200000e+02	
   5.7200000e+02	
   5.8200000e+02	
   5.9200000e+02	
   6.0200000e+02	
   6.1200000e+02	
   6.2200000e+02	
   6.3200000e+02	
   6.4200000e+02	
   6.5200000e+02	
   6.6200000e+02	
   4.7200000e+02	
   4.8200000e+02	
   4.9200000e+02	
   5.0200000e+02	
   5.1200000e+02	
   5.2200000e+02	
   5.3200000e+02	
   5.4200000e+02	
   5.5200000e+02	
   5.6200000e+02	
   5.7200000e+02	
   5.8200000e+02	
   5.9200000e+02	
   6.0200000e+02	
   6.1200000e+02	
   6.2200000e+02	
   6.3200000e+02	
   6.4200000e+02	
   6.5200000e+02	
   6.6200000e+02	
   4.7200000e+02	
   4.8200000e+02	
   4.9200000e+02	
   5.0200000e+02	
   5.1200000e+02	
   5.2200000e+02	
   5.3200000e+02	
   5.4200000e+02	
   5.5200000e+02	
   5.6200000e+02	
   5.7200000e+02	
   5.8200000e+02	
   5.9200000e+02	
   6.0200000e+02	
   6.1200000e+02	
   6.2200000e+02	
   6.3200000e+02	
   6.4200000e+02	
   6.5200000e+02	
   6.6200000e+02	
   4.7200000e+02	
   4.8200000e+02	
   4.9200000e+02	
   5.0200000e+02	
   5.1200000e+02	
   5.2200000e+02	
   5.3200000e+02	
   5.4200000e+02	
   5.5200000e+02	
   5.6200000e+02	
   5.7200000e+02	
   5.8200000e+02	
   5.9200000e+02	
   6.0200000e+02	
   6.1200000e+02	
   6.2200000e+02	
   6.3200000e+02	
   6.4200000e+02	
   6.5200000e+02	
   6.6200000e+02	
   4.7200000e+02	
   4.8200000e+02	
   4.9200000e+02	
   5.0200000e+02	
   5.1200000e+02	
   5.2200000e+02	
   5.3200000e+02	
   5.4200000e+02	
   5.5200000e+02	
   5.6200000e+02	
   5.7200000e+02	
   5.8200000e+02	
   5.9200000e+02	
   6.0200000e+02	
   6.1200000e+02	
   6.2200000e+02	
   6.3200000e+02	
   6.4200000e+02	
   6.5200000e+02	
   6.6200000e+02	
   4.7200000e+02	
   4.8200000e+02	
   4.9200000e+02	
   5.0200000e+02	
   5.1200000e+02	
   5.2200000e+02	
   5.3200000e+02	
   5.4200000e+02	
   5.5200000e+02	
   5.6200000e+02	
   5.7200000e+02	
   5.8200000e+02	
   5.9200000e+02	
   6.0200000e+02	
   6.1200000e+02	
   6.2200000e+02	
   6.3200000e+02	
   6.4200000e+02	
   6.5200000e+02	
   6.6200000e+02	
   4.7200000e+02	
   4.8200000e+02	
   4.9200000e+02	
   5.0200000e+02	
   5.1200000e+02	
   5.2200000e+02	
   5.3200000e+02	
   5.4200000e+02	
   5.5200000e+02	
   5.6200000e+02	
   5.7200000e+02	
   5.8200000e+02	
   5.9200000e+02	
   6.0200000e+02	
   6.1200000e+02	
   6.2200000e+02	
   6.3200000e+02	
   6.4200000e+02	
   6.5200000e+02	
   6.6200000e+02	
   4.7200000e+02	
   4.8200000e+02	
   4.9200000e+02	
   5.0200000e+02	
   5.1200000e+02	
   5.2200000e+02	
   5.3200000e+02	
   5.4200000e+02	
   5.5200000e+02	
   5.6200000e+02	
   5.7200000e+02	
   5.8200000e+02	
   5.9200000e+02	
   6.0200000e+02	
   6.1200000e+02	
   6.2200000e+02	
   6.3200000e+02	
   6.4200000e+02	
   6.5200000e+02	
   6.6200000e+02	
   4.7200000e+02	
   4.8200000e+02	
   4.9200000e+02	
   5.0200000e+02	
   5.1200000e+02	
   5.2200000e+02	
   5.3200000e+02	
   5.4200000e+02	
   5.5200000e+02	
   5.6200000e+02	
   5.7200000e+02	
   5.8200000e+02	
   5.9200000e+02	
   6.0200000e+02	
   6.1200000e+02	
   6.2200000e+02	
   6.3200000e+02	
   6.4200000e+02	
   6.5200000e+02	
   6.6200000e+02	
   4.7200000e+02	
   4.8200000e+02	
   4.9200000e+02	
   5.0200000e+02	
   5.1200000e+02	
   5.2200000e+02	
   5.3200000e+02	
   5.4200000e+02	
   5.5200000e+02	
   5.6200000e+02	
   5.7200000e+02	
   5.8200000e+02	
   5.9200000e+02	
   6.0200000e+02	
   6.1200000e+02	
   6.2200000e+02	
   6.3200000e+02	
   6.4200000e+02	
   6.5200000e+02	
   6.6200000e+02	
   4.7200000e+02	
   4.8200000e+02	
   4.9200000e+02	
   5.0200000e+02	
   5.1200000e+02	
   5.2200000e+02	
   5.3200000e+02	
   5.4200000e+02	
   5.5200000e+02	
   5.6200000e+02	
   5.7200000e+02	
   5.8200000e+02	
   5.9200000e+02	
   6.0200000e+02	
   6.1200000e+02	
   6.2200000e+02	
   6.3200000e+02	
   6.4200000e+02	
   6.5200000e+02	
   6.6200000e+02	
   4.7200000e+02	
   4.8200000e+02	
   4.9200000e+02	
   5.0200000e+02	
   5.1200000e+02	
   5.2200000e+02	
   5.3200000e+02	
   5.4200000e+02	
   5.5200000e+02	
   5.6200000e+02	
   5.7200000e+02	
   5.8200000e+02	
   5.9200000e+02	
   6.0200000e+02	
   6.1200000e+02	
   6.2200000e+02	
   6.3200000e+02	
   6.4200000e+02	
   6.5200000e+02	
   6.6200000e+02	
   4.7200000e+02	
   4.8200000e+02	
   4.9200000e+02	
   5.0200000e+02	
   5.1200000e+02	
   5.2200000e+02	
   5.3200000e+02	
   5.4200000e+02	
   5.5200000e+02	
   5.6200000e+02	
   5.7200000e+02	
   5.8200000e+02	
   5.9200000e+02	
   6.0200000e+02	
   6.1200000e+02	
   6.2200000e+02	
   6.3200000e+02	
   6.4200000e+02	
   6.5200000e+02	
   6.6200000e+02	
   4.7200000e+02	
   4.8200000e+02	
   4.9200000e+02	
   5.0200000e+02	
   5.1200000e+02	
   5.2200000e+02	
   5.3200000e+02	
   5.4200000e+02	
   5.5200000e+02	
   5.6200000e+02	
   5.7200000e+02	
   5.8200000e+02	
   5.9200000e+02	
   6.0200000e+02	
   6.1200000e+02	
   6.2200000e+02	
   6.3200000e+02	
   6.4200000e+02	
   6.5200000e+02	
   6.6200000e+02	
   4.7200000e+02	
   4.8200000e+02	
   4.9200000e+02	
   5.0200000e+02	
   5.1200000e+02	
   5.2200000e+02	
   5.3200000e+02	
   5.4200000e+02	
   5.5200000e+02	
   5.6200000e+02	
   5.7200000e+02	
   5.8200000e+02	
   5.9200000e+02	
   6.0200000e+02	
   6.1200000e+02	
   6.2200000e+02	
   6.3200000e+02	
   6.4200000e+02	
   6.5200000e+02	
   6.6200000e+02	
   4.7200000e+02	
   4.8200000e+02	
   4.9200000e+02	
   5.0200000e+02	
   5.1200000e+02	
   5.2200000e+02	
   5.3200000e+02	
   5.4200000e+02	
   5.5200000e+02	
   5.6200000e+02	
   5.7200000e+02	
   5.8200000e+02	
   5.9200000e+02	
   6.0200000e+02	
   6.1200000e+02	
   6.2200000e+02	
   6.3200000e+02	
   6.4200000e+02	
   6.5200000e+02	
   6.6200000e+02	
   4.7200000e+02	
   4.8200000e+02	
   4.9200000e+02	
   5.0200000e+02	
   5.1200000e+02	
   5.2200000e+02	
   5.3200000e+02	
   5.4200000e+02	
   5.5200000e+02	
   5.6200000e+02	
   5.7200000e+02	
   5.8200000e+02	
   5.9200000e+02	
   6.0200000e+02	
   6.1200000e+02	
   6.2200000e+02	
   6.3200000e+02	
   6.4200000e+02	
   6.5200000e+02	
   6.6200000e+02	
   4.7200000e+02	
   4.8200000e+02	
   4.9200000e+02	
   5.0200000e+02	
   5.1200000e+02	
   5.2200000e+02	
   5.3200000e+02	
   5.4200000e+02	
   5.5200000e+02	
   5.6200000e+02	
   5.7200000e+02	
   5.8200000e+02	
   5.9200000e+02	
   6.0200000e+02	
   6.1200000e+02	
   6.2200000e+02	
   6.3200000e+02	
   6.4200000e+02	
   6.5200000e+02	
   6.6200000e+02	
   4.7200000e+02	
   4.8200000e+02	
   4.9200000e+02	
   5.0200000e+02	
   5.1200000e+02	
   5.2200000e+02	
   5.3200000e+02	
   5.4200000e+02	
   5.5200000e+02	
   5.6200000e+02	
   5.7200000e+02	
   5.8200000e+02	
   5.9200000e+02	
   6.0200000e+02	
   6.1200000e+02	
   6.2200000e+02	
   6.3200000e+02	
   6.4200000e+02	
   6.5200000e+02	
   6.6200000e+02	
   4.7200000e+02	
   4.8200000e+02	
   4.9200000e+02	
   5.0200000e+02	
   5.1200000e+02	
   5.2200000e+02	
   5.3200000e+02	
   5.4200000e+02	
   5.5200000e+02	
   5.6200000e+02	
   5.7200000e+02	
   5.8200000e+02	
   5.9200000e+02	
   6.0200000e+02	
   6.1200000e+02	
   6.2200000e+02	
   6.3200000e+02	
   6.4200000e+02	
   6.5200000e+02	
   6.6200000e+02	
   4.7200000e+02	
   4.8200000e+02	
   4.9200000e+02	
   5.0200000e+02	
   5.1200000e+02	
   5.2200000e+02	
   5.3200000e+02	
   5.4200000e+02	
   5.5200000e+02	
   5.6200000e+02	
   5.7200000e+02	
   5.8200000e+02	
   5.9200000e+02	
   6.0200000e+02	
   6.1200000e+02	
   6.2200000e+02	
   6.3200000e+02	
   6.4200000e+02	
   6.5200000e+02	
   6.6200000e+02	
   4.7200000e+02	
   4.8200000e+02	
   4.9200000e+02	
   5.0200000e+02	
   5.1200000e+02	
   5.2200000e+02	
   5.3200000e+02	
   5.4200000e+02	
   5.5200000e+02	
   5.6200000e+02	
   5.7200000e+02	
   5.8200000e+02	
   5.9200000e+02	
   6.0200000e+02	
   6.1200000e+02	
   6.2200000e+02	
   6.3200000e+02	
   6.4200000e+02	
   6.5200000e+02	
   6.6200000e+02	
   4.7200000e+02	
   4.8200000e+02	
   4.9200000e+02	
   5.0200000e+02	
   5.1200000e+02	
   5.2200000e+02	
   5.3200000e+02	
   5.4200000e+02	
   5.5200000e+02	
   5.6200000e+02	
   5.7200000e+02	
   5.8200000e+02	
   5.9200000e+02	
   6.0200000e+02	
   6.1200000e+02	
   6.2200000e+02	
   6.3200000e+02	
   6.4200000e+02	
   6.5200000e+02	
   6.6200000e+02	
   4.7200000e+02	
   4.8200000e+02	
   4.9200000e+02	
   5.0200000e+02	
   5.1200000e+02	
   5.2200000e+02	
   5.3200000e+02	
   5.4200000e+02	
   5.5200000e+02	
   5.6200000e+02	
   5.7200000e+02	
   5.8200000e+02	
   5.9200000e+02	
   6.0200000e+02	
   6.1200000e+02	
   6.2200000e+02	
   6.3200000e+02	
   6.4200000e+02	
   6.5200000e+02	
   6.6200000e+02	
   4.7200000e+02	
   4.8200000e+02	
   4.9200000e+02	
   5.0200000e+02	
   5.1200000e+02	
   5.2200000e+02	
   5.3200000e+02	
   5.4200000e+02	
   5.5200000e+02	
   5.6200000e+02	
   5.7200000e+02	
   5.8200000e+02	
   5.9200000e+02	
   6.0200000e+02	
   6.1200000e+02	
   6.2200000e+02	
   6.3200000e+02	
   6.4200000e+02	
   6.5200000e+02	
   6.6200000e+02	
   4.7200000e+02	
   4.8200000e+02	
   4.9200000e+02	
   5.0200000e+02	
   5.1200000e+02	
   5.2200000e+02	
   5.3200000e+02	
   5.4200000e+02	
   5.5200000e+02	
   5.6200000e+02	
   5.7200000e+02	
   5.8200000e+02	
   5.9200000e+02	
   6.0200000e+02	
   6.1200000e+02	
   6.2200000e+02	
   6.3200000e+02	
   6.4200000e+02	
   6.5200000e+02	
   6.6200000e+02	
   4.7200000e+02	
   4.8200000e+02	
   4.9200000e+02	
   5.0200000e+02	
   5.1200000e+02	
   5.2200000e+02	
   5.3200000e+02	
   5.4200000e+02	
   5.5200000e+02	
   5.6200000e+02	
   5.7200000e+02	
   5.8200000e+02	
   5.9200000e+02	
   6.0200000e+02	
   6.1200000e+02	
   6.2200000e+02	
   6.3200000e+02	
   6.4200000e+02	
   6.5200000e+02	
   6.6200000e+02	
